9780000000000
9788570782113
9788570784131
9786558240433
9788570784124
9786588055021
9788570784711
9786588055038
9788570784087
9786558240228
9788570784780
9788570785145
9788570783080
9788570780672
9788570783653
9786558240259
9786588055014
9788570783998
9788570784094
9786588055045
9788570784100
9786588055052
9788570783424
9788570784759
9788570784865
9788570783714
9788570781550
9788570784858
9788570784551
9788570784704
9788570784766
9786558240235
9788570781697
9788570783783
9786558240327
9788570783745
9788570784285
9788570784735
9786558240334
9788570784315
9788570784261
9788570784162
9788570783851
9788570784032
9786588055151
9788542303100
9788570414519
9788570419125
9788542303025
9788542302400
9786558581291
9788553128136
9788542301410
9788542302387
9788542300222
9788553128167
9788570417497
9788542302530
9786558581314
9788570415923
9786558580744
9786586320039
9788570419958
9788570419231
9788542300413
9788570416094
9788570419156
9788553128006
9788570418258
9786558581055
9788542300345
9788570419729
9788542302998
9788542302257
9788542300499
9788542303179
9788570418555
9788542301441
9788542301953
9788570419934
9788542302783
9786558580409
9788542300208
9788542300437
9786558581109
9788542302516
9788570413505
9786558581284
9788542300543
9788570411501
9786558580553
9788542302080
9788570413239
9788542303209
9788542301649
9788542302554
9788570415532
9788570414595
9786558581062
9788570417541
9788570417398
9788542302448
9786558580768
9786558580355
9788570417220
9786558580980
9788570417206
9788570419460
9788570417695
9788570419354
9788570417534
9788570418791
9786588592144
9788570418395
9788570414064
9788542301427
9788542301960
9786586320046
9788570412894
9788542300475
9786588592199
9788570419774
9786588592038
9788542300062
9788553128105
9786558581024
9788553128099
9788553128044
9786558580560
9786558580010
9786558581215
9788542302981
9788542301588
9786558581253
9788570414779
9788570414900
9788570418166
9788570416940
9788542301267
9788553128013
9788553128082
9788553128181
9788542301595
9788542301793
9788553128068
9788570414811
9788570418548
9788542302509
9788570416933
9788570413033
9788570418890
9788570418364
9786558580270
9786558580393
9788570418098
9786580010011
9788570413734
9788553128075
9788542302059
9786558581222
9788570419347
9788570418340
9788570418319
9788570419965
9786558580966
9788542300420
9788542300147
9788570413178
9786558581086
9788539300716
9788539301843
9788539307814
9788539300457
9788571395916
9788539301287
9788539307869
9786557110034
9788539304974
9786557112038
9788539306886
9788571399495
9788571391239
9788571399068
9788539306756
9788571399167
9786557110089
9788539306107
9788571395749
9788571398986
9788571392236
9788539305056
9786557110072
9788571396562
9788539307630
9788539307296
9786557111574
9788539306930
9786557111826
9786557110287
9788539306916
9788571392021
9788539305681
9788539307852
9786557112229
9786557110478
9786557110386
9788539307425
9788539305070
9788571390287
9788571390645
9788571399396
9788539301454
9788539306824
9788539300983
9788539305841
9788539306701
9788571397361
9788539305308
9788539301423
9786557111017
9788571390225
9788539300389
9788539301393
9788539307845
9788539306534
9788571396203
9788571394582
9788539308255
9788539306091
9786557110973
9788539301782
9788539304059
9788539301584
9788539300334
9788539305698
9788571391659
9788539305001
9788539306084
9788539305452
9788539300044
9788539300730
9788539307890
9788539305339
9786557112410
9788539300815
9788571398511
9788539307159
9786557110577
9788539307555
9788539304615
9788539304981
9786557112175
9788571393738
9788539303984
9788539306145
9786557111598
9786557111451
9788539306947
9788539302628
9788571395596
9788539307524
9788539301737
9788571394292
9788539302352
9786557110324
9788539307883
9788539305926
9788539300723
9788571392144
9788571398795
9788539307876
9788539301379
9788571391284
9788539300761
9788539305278
9788539300952
9788539307333
9786557112281
9788571399211
9788571398016
9788539306831
9786557111635
9788571394056
9788539308156
9788539300662
9788571396029
9788571397866
9788571397217
9786557111727
9788571396098
9788539307999
9788539304035
9788539304653
9786557110317
9788539304219
9788539303946
9788539303564
9788539303557
9786557111314
9788571396197
9788571395992
9788539301133
9788571396142
9786557110171
9788539307609
9786557110911
9788539301386
9788571392007
9788539305292
9786557112151
9786557110546
9788571391673
9788571391055
9786557111338
9788539302147
9786557111895
9788571392601
9788539307951
9788539305940
9788539305247
9788539308200
9788539301201
9786557111857
9788571394469
9788539307647
9788539304295
9788539302246
9786557112342
9788539302468
9788539300976
9788539300488
9788539302567
9788539301478
9786557111000
9786557110027
9788539306909
9788539307548
9788539307685
9786557111543
9786557111505
9788539307944
9786557110041
9788571398047
9788571399006
9788571391444
9786557111345
9788539302284
9788539306305
9788539300617
9788539307081
9788571398429
9786557110249
9786557111482
9786557110492
9788539301775
9788539308231
9788539300686
9788571394162
9788571394124
9788539306558
9786557111185
9788539307227
9786557110508
9786557110591
9788539308347
9788539305711
9786557112380
9788539301089
9786557111772
9788539300303
9786557112311
9788539304707
9788539303939
9788571397613
9786557111888
9788571394650
9786557111512
9786557111550
9788571395275
9786557110133
9788539300907
9788539302239
9788539305650
9788539301119
9788571391963
9786557110539
9788539308088
9788571393073
9788539305629
9788539305988
9788539308033
9788539305704
9788539307777
9788571391260
9786557111130
9786557112205
9786557110799
9788539305780
9788539303700
9788571396982
9788539308248
9788571397279
9788539300006
9786557110621
9788539302185
9788571396395
9786557111680
9788539306060
9788539304066
9788539306244
9786557111901
9788539306213
9786557110270
9788571399808
9788571395572
9788539305018
9788571396074
9786557110058
9788539306114
9788539302161
9788539306176
9788539308187
9786557112076
9786557110164
9788539305810
9788539301188
9788539305124
9786557111499
9788571397897
9786557111116
9788571391611
9788571394186
9788539302345
9786557110928
9788539307968
9788571396364
9788539305582
9788539307715
9788571393936
9788539307203
9788539308262
9788539300525
9788571397637
9788571399952
9788571394810
9788539300013
9788539305858
9788571395497
9788539307913
9788571397767
9788571395756
9788571398269
9788539300426
9788571396531
9788571399518
9788539301850
9788571396616
9788539302642
9788571399044
9788571398092
9788539302253
9788571393967
9788539303656
9786557112090
9788539308101
9788571390294
9788539305360
9786557110812
9788539304684
9788539301256
9788539305551
9786557110416
9786557112083
9786557111222
9786557110676
9786557111420
9788539305537
9788539302659
9786557110768
9788571392427
9786557110737
9788539303717
9788539305803
9788539307449
9786557112168
9788539300792
9786557111604
9788539304882
9788539301577
9788539305568
9788539308019
9786557111833
9788571394933
9786557112137
9788539303502
9786557111475
9786557110522
9786557111956
9788539305445
9788571395305
9788571395602
9788539305063
9786557112496
9788571396135
9788539308057